0 1 31.016124838541646
1 3 22.561028345356956
1 9 28.0178514522438
2 3 36.013886210738214
3 9 39.11521443121589
3 7 24.20743687382041
4 2 31.400636936215164
4 6 39.81205847478876
5 2 33.24154027718932
5 3 26.419689627245813
5 4 28.861739379323623
5 6 25.298221281347036
5 7 32.984845004941285
6 8 35.35533905932738
6 11 53.08483775994799
7 8 16.55294535724685
7 10 26.248809496813376
8 5 39.6232255123179
8 10 29.206163733020468
8 11 29.732137494637012
9 10 30.083217912982647
9 13 41.0
10 12 31.622776601683793
11 12 33.301651610693426
11 16 35.17101079013795
12 15 30.805843601498726
12 16 20.0
13 12 37.12142238654117
13 14 31.953090617340916
13 15 29.068883707497267
14 15 31.04834939252005
14 17 51.24451190127583
15 17 24.698178070456937
17 16 29.068883707497267